eval_loss = 4.511923027038574
eval_precision = 0.8927272727272727
eval_recall = 0.9194756554307116
eval_f1 = 0.9059040590405903
epoch = 2.0
